values:
  areas:
    free_area_mesured_over_truth: 1.0091911764705883
    occupied_area_mesured_over_truth: 1.68259385665529
    total_area_mesured_over_truth: 1.0440801273145224
  rates:
    false_positive_rate: 0.05047413275717201
    overall_error: 0.08271108558299828
    true_positive_rate: 0.19919786096256684
  raw:
    raw/false_negatives: 1198.0
    raw/false_positives: 1682.0
    raw/true_negatives: 31642.0
    raw/true_positives: 298.0
